0100010000161
0100030000161
0100040000161
0100050000161
0100060000161
0100090000161
0100100000161
0100100010161
0100100020161
0100110000161
0100130000161
0100150000161
0100180000161
0100210000161
0100240000161
0100260000161
0100300000161
0100320000162
0100340000161
0100350000161
0100360000161
0100390000161
0100400000161
0100460000161
0100480000161
0100490000161
0100530000162
0100540000161
0100550000161
0100600000161
0100610000161
0100620000161
0100630000161
0100650000161
0100670000161
0100680000161
0100680010161
0100690000162
0100720000161
0100740000161
0100750000161
0100760000161
0100790000161
0100800000161
0100810000161
0100820000161
0100820010161
0100830000161
0100830010161
0100840000161
0100850000161
0100870000161
0100880000161
0100900000161
0100920000161
0100940000161
0100950000162
0100970000161
0100980000161
0100990000161
0101010000161
0101010010161
0101050000162
0101060000161
0101080000161
0101100000161
0101120000161
0101140000161
0101190000161
0101230000161
0101230010161
0101230020161
0101230030161
0101230060161
0101230070161
0101280000161
0101290000162
0101330000161
0101360000161
0101380000161
0101380010161
0101390000161
0101400000161
0101440000161
0101450000161
0101460000161
0101490000161
0101510000161
0101510010161
0101540000161
0101570000162
0101580000161
0101630000161
0101650000161
0101660000161
0101690000161
0101700000161
0101720000161
0101740000161
0101770000162
0101800000161
0101830000161
0101840000161
0101850000161
0101870000161
0101890000162
0101910000161
0101920000161
0101930000161
0101940000161
0101950000161
0101950010161
0101960000161
0101970000161
0101980000162
0102010000161
0102010010161
0102070000161
0102110000161
0102150000161
0102180000161
0102190000161
0102200000161
0102250000161
0102280000161
0102290000161
0102300000161
0102310000161
0102320000161
0102340000161
0102350000161
0102370000161
0102400000161
0202410000161
0202450000161
0102460000161
0102460010161
0102480000161
0202490000161
0202500000161
0102550000161
0102570000161
0202580000161
0102590000161
0102610000161
0102610040161
0102610050161
0102620000161
0102640000161
0102650000161
0102660000161
0102660060161
0102670000161
0102670050161
0102680000161
0202690000161
0102700000161
0102710000161
0202750000161
0102770000162
0202790000161
0102810000161
0102810010161
0102820000161
0102840000161
0102870000161
0102890000161
0102890010161
0102900000161
0202910000161
0202910510141
0102940000161
0102960000161
0102970000161
0102990000161
0103030000161
0103030040161
0103040000161
0103050000161
0103140000161
0103150000161
0103160000161
0103160010161
0103180000161
0103200000161
0103210000161
0103250000161
0103270000161
0103280000161
0103290000161
0103310000161
0103340000161
0103370000161
0103380000161
0103390000161
0103400000161
0103420000161
0103440000161
0103460000161
0103480000161
0103500000162
0103530000161
0103540000161
0103560000161
0103570000161
0103580000162
0103590000161
0103600000161
0103620000161
0103680000161
0103700000161
0103710000161
0103730000162
0103740000161
0103750000161
0103760000161
0103790000161
0103800000161
0103820000161
0103840000161
0103850000161
0103860000161
0103870000161
0103890000162
0103920000161
0203950000161
0203980000161
0103990000161
0104000000161
0104010000161
0104040000161
0104060000161
0104100000161
0104140000161
0104180000161
0104180510141
0104210000162
0104220000161
0104230000161
0104250000161
0104260000161
0104290000161
0104310000162
0204320000161
0204330000161
0104340000161
0104350000161
0104360000161
0104370000162
0104390000161
0104400000161
0104420000162
0104450000161
0104450090161
0104470000161
0104470010161
0104480000161
0104490000161
0104560000161
0104570000161
0104590000161
0104600000161
0104620000161
0104660000161
0104670000161
0104680000161
0104690000161
0104700000161
0104750000161
0104770000161
0104780000161
0104790000161
0104820000161
0104830000161
0104850000161
0104860000161
0104870000161
0104900000161
0104910000161
0104920000161
0104920010161
0104930000161
0104950000161
0104970000161
0104990000161
0105000000161
0105010000161
0105010500141
0105020000161
0105020010161
0105030000161
0105040000161
0105060000161
0205080000161
0105090000161
0205100000161
0105110000161
0105150000161
0105170000161
0105180000161
0105190000161
0105190010161
0105200000161
0105210000161
0105210510141
0105220000161
0105230000161
0105250000161
0105260000161
0105290000162
0105340000161
0105380000161
0105440000161
0105450000161
0105460000161
0105470000161
0105480000161
0105490000161
0105500000161
0105560000161
0105590000161
0105590020161
0105600000161
0105620000161
0105670000161
0105690000161
0105720000161
0105730000161
0105810000161
0105820000161
0105860000161
0105940000161
0105950000161
0105960000161
0105980000161
0105990000161
0206000000161
0206010000161
0106020000161
0106030000161
0106050000161
0106090000161
0106120000161
0106140000161
0106150000161
0106160000161
0106170000161
0106200000161
0106210000161
0106230000161
0106250000161
0106260000161
0206270000161
0106280000161
0106280010161
0106310000161
0106320000161
0106320010161
0106350000161
0106370000161
0106410000161
0106420000161
0106430000161
0106440000161
0106500000161
0106500010161
0106510000161
0106520000161
0106530000161
0106560000161
0106570000161
0106580000161
0106590000161
0206600000161
0106620000161
0106630000161
0106650000161
0106660000161
0106680000161
0106690000161
0106700000161
0106710000161
0106720000161
0106730000161
0106750000161
0106780000161
0106800000161
0206810000161
0206810500141
0106850000161
0206860000161
0106870000161
0106870010161
0106900000161
0106930000161
0106950000161
0207000000161
0107010000161
0107020000161
0107050000161
0107090000161
0207100000161
0107110000161
0107160000161
0107180000161
0107210000161
0107230000161
0107240000161
0107250000161
0107280000161
0107290000161
0107300000161
0207320000161
0107350000161
0107360000161
0107360510141
0107400000161
0107410000161
0107430000161
0107440000161
0107450000161
0107470000161
0107510000161
0107530000161
0107580000161
0107620000161
0107630000161
0107640000161
0107650000161
0107660000161
0107700000161
0107710000161
0107720000161
0107780000161
0107790000161
0107810000161
0107820000161
0107830000161
0107850000161
0107870000161
0107880000161
0107900000161
0107910000161
0107940000161
0107960000161
0107970000161
0108000000161
0108010000161
0108040000161
0108050000161
0108090000161
0208120000161
0208160000161
0108190000161
0208200000161
0108220000161
0108240000161
0108280000161
0108290000161
0108310000161
0108320000161
0108340000162
0108350000161
0108360000161
0108360010161
0208410000161
0108420000161
0108430000161
0108500000161
0108510000161
0108520000161
0108550000161
0108560000161
0108580000161
0108630000161
0108660000161
0108660010161
0108670000161
0108700000161
0108710000161
0108720000161
0108730000161
0108740000161
0208780000161
0108790000161
0108840000161
0108850000161
0108860000161
0108890000161
0108900000161
0108980000161
0109010000161
0109040000161
0109060000161
0109100000161
0109110000161
0109130000161
0109140000161
0109150000161
0109160000161
0109180000161
0109220000161
0109230000161
0209280000161
0109310000161
0209330000161
0109360000161
0109380000161
0109410000161
0109420000161
0109470000162
0109510000161
0109520000161
0109540000161
0109550000161
0109580000161
0109600000161
0109610000161
0109640000161
0109650000162
0109680000161
0109690000161
0109690510141
0109700000162
0109710000161
0109720000161
0109740000161
0109750000161
0109760000162
0109770000161
0109790000161
0109830000161
0109850000161
0109860000161
0109870000161
0109880000161
0109890000161
0109900000161
0109920000161
0109930000161
0109960000161
0109970000162
0109980000162
0110000000161
0110020000161
0110030000161
0110070000161
0110100000161
0110170000161
0110190000161
0110200000161
0110250000161
0110260000161
0110270000161
0210280000161
0110340000161
0110360000161
0110370000161
0110400000161
0110410000161
0110430000161
0110470000161
0110490000161
0110500000161
0110510000161
0210560000161
0110580000161
0210590000161
0110600000161
0110610000161
0110620000161
0110640000161
0110650000161
0110690000161
0110700000161
0110720000161
0110780000161
0110820000161
0110830000161
0110840000161
0110840010161
0110870000161
0210890000161
0110920000161
0110990000161
0111000000161
0111010000161
0111090000161
0111100000161
0111120000161
0111140000162
0111180000161
0111200000161
0111220000161
0111230000161
0211280000161
0111330000161
0211370000161
0111380000161
0111400000161
0111440000161
0111470000161
0211500000161
0111510000161
0111520000161
0111540000161
0111560000161
0111570000161
0111570010161
0111570500141
0111590000161
0111610000161
0111670000161
0111690000161
0111700000162
0111720000161
0111740000161
0111750000161
0111780000161
0111790000161
0111800000161
0111810000161
0111850000161
0111870000161
0111880000161
0111900000161
0111930000161
0111940000161
0111950000161
0111980000161
0112000000161
0112020000161
0112050000161
0112070000161
0112130000161
0112130010161
0112150000161
0112180000161
0112190000161
0212230000161
0112270000161
0112280000161
0112290000161
0112340000161
0112360000161
0112390000161
0112390010161
0112400000161
0112460000161
0112500000161
0112550000161
0112600000161
0112620000161
0112690000161
0112740000161
0212820000161
0112910000161
0112930000161
0112940000161
0212970000161
0112990000161
0113000000161
0113030000161
0213040000161
0113080000161
0113100000161
0113100010161
0113110000161
0113130000161
0113140000161
0113150000161
0113150010161
0113170000161
0113180000161
0113210000161
0113260000161
0113270000161
0113300000161
0113320000161
0113330000161
0113360000161
0113400000161
0113410000161
0113410010161
0113430000161
0113440000161
0213500000161
0113540000161
0113550000161
0113630000161
0113650000161
0113680000161
0113690000161
0113710000161
0113770000161
0113790000161
0113880000161
0113890000161
0113910000161
0113930000161
0113940000161
0113950000161
0113970000161
0113980000162
0114030000161
0114050000161
0114050010161
0114130000161
0114190000161
0114220000161
0114260000161
0114270000161
0114310000161
0114330000162
0114340000161
0114360000161
0114380000161
0114420000162
0114440000161
0114450000161
0114490000161
0114500090162
0114500160142
0114500300162
0114500370162
0114550000162
0114560000161
0114570000161
0114620000161
0114650000161
0114680000161
0114690000161
0114710000161
0114750000161
0114760000161
0114790000161
0114800000161
0114830000161
0114840000161
0114890000162
0214990000161
0115030000161
0115040000161
0115050000161
0115060000161
0115090000161
0115100000161
0115110000161
0115200000161
0215220000161
0215230000161
0115250000161
0115270000161
0115310000161
0115310020161
0115350000161
0115370000161
0115380000161
0115410000161
0115440000161
0115450000161
0115520000161
0115530000161
0215540000161
0115550000161
0115560000161
0115570000161
0115610000161
0115620000161
0115630000161
0115630010161
0115650000161
0115670000161
0115690000162
0115700000161
0115730000161
0115740000161
0115780000161
0115850000161
0115860000161
0115880000161
0115890000161
0115900000161
0215930000161
0116010000161
0116030000161
0116040000161
0216060000161
0116070000161
0116090000161
0116110000161
0116130000161
0216160000161
0116190000161
0116190010161
0116250000161
0116280000161
0116330000161
0116350000161
0116370000161
0116380000161
0116380510141
0116380520141
0116390000161
0116400000161
0116410000161
0116420000161
0116440000161
0116480000161
0116550000161
0116590000161
0116590030161
0116610000161
0216620000161
0116630000161
0116650000161
0116660000161
0116670000161
0116700000161
0116750000161
0116780000161
0216810000161
0216830000162
0116850000161
0116880000161
0116890000161
0116900000161
0116950000161
0116960000161
0116970000161
0216980000161
0116990000161
0117000000161
0117020000161
0117050000161
0117050020161
0117070000161
0117080000161
0117090000161
0117140000161
0117220000161
0117260000161
0117270000161
0217280000161
0117330000161
0117340000161
0117340010161
0217350000162
0117360000161
0117400000161
0117430000161
0117460000161
0117480000161
0117490000161
0117530000162
0117550000161
0117620000161
0117640000161
0117650000161
0217670000161
0117680000161
0117720000161
0117770000161
0217780000161
0117810000161
0117850000161
0117870000161
0117890000161
0117900000161
0117910000161
0117930000161
0117940000161
0117960000161
0117980000161
0117990000161
0118000000161
0118010000161
0118020000161
0118050000161
0118070000161
0118120000161
0118150000161
0118150010161
0118160000161
0118170000162
0218210000161
0218210010161
0118240000161
0118240010161
0218260000161
0218290000161
0118310000161
0118320000161
0118330000161
0118340000161
0118380000161
0118390000161
0118400000161
0118410000161
0118420000161
0118460000161
0118480000161
0118530000161
0118560000161
0118570000161
0118580000161
0118620000161
0118630000161
0218640000161
0118650000161
0118660000162
0118690000161
0118710000161
0118730000161
0118730010161
0118740000161
0118740510141
0118750000161
0118760000161
0118760500141
0118800000161
0118800010161
0118830000161
0118840000161
0118840010161
0118840500141
0118860000161
0118870000161
0118880000161
0118890000161
0118900000162
0118910000161
0118940000161
0118950000161
0118960000161
0118970000162
0119010000161
0119020000161
0119040000161
0119050000161
0119060000161
0219100000161
0119120000161
0119130000161
0119180000161
0119220000161
0119230000161
0119230010161
0119240000161
0119240010161
0119280000161
0119320000161
0119340000161
0119380000161
0119390000161
0119400000161
0219410000161
0119440000161
0119440010161
0219450000161
0119480000161
0119520000161
0119540000162
0119570000161
0119580000161
0219600000161
0119610000161
0119670000161
0219680000161
0119730000161
0119750000161
0119760000161
0119780000161
0119850000161
0119890000161
0119900000161
0119910000161
0119930000161
0119950000161
0119960000161
0119980000161
0120000000161
0120000010161
0120020000161
0120050000161
0120070000161
0120090000161
0120090010161
0120100000161
0220130000161
0120170000161
0120180000161
0120190000161
0120210000161
0120220000161
0120250000161
0120270000161
0220300000161
0120330000162
0220340000161
0120350000161
0120370000161
0120380000161
0120380510141
0120390000161
0120400000161
0120420000161
0120430000161
0120440000161
0120490000161
0120520000161
0120570000161
0120580000161
0120610000161
0120660000161
0120670000161
0120680000161
0120690000162
0120700000161
0220710000161
0120730000161
0120770000161
0120790000161
0120800000161
0120820000161
0220830000161
0120900000161
0120930000161
0120940000162
0120950000162
0120970000161
0120970010161
0121000000161
0221020000161
0121080000161
0121120000161
0121150000161
0121160000161
0121290000161
0121320000161
0121320020161
0121330000161
0121360000161
0221380000161
0121400000161
0121410000161
0121430000161
0121440000161
0121450000161
0121490000161
0121510000161
0121520000161
0121530000161
0121540000161
0121560000161
0121610000161
0121620000161
0121630000161
0221640000161
0121670000161
0121680000161
0121690000161
0121710000161
0121720000161
0121750000161
0121860000161
0121880000162
0121890000161
0121900000161
0221910000161
0121920000161
0121930000161
0121960000161
0221990000161
0122000000161
0122000010161
0122010000161
0222060000161
0122090000161
0122110000161
0122160000161
0122170000161
0122200000161
0222230000161
0122240000161
0122250000161
0122290000161
0122350000161
0122380000161
0122390000161
0122400000161
0122420000161
0122430000161
0122430010161
0122440000161
0122470000161
0122480000161
0122480010161
0122500000161
0122520000161
0122530000161
0222560000161
0122590000161
0122610000161
0122660000161
0122680000161
0122700000161
0122700500141
0122730000161
0122740000161
0122770000161
0222830000161
0122850000161
0122860000161
0122930000161
0122980000161
0122980010161
0123000000161
0123010000161
0123050000161
0123090000161
0123100000162
0223110000161
0123140000161
0123160000161
0123190000161
0123190010161
0123200000162
0123210000161
0223230000161
0223240000161
0223260000161
0123270000161
0123290000161
0123300000161
0123310000161
0123320000161
0123330000161
0123350000161
0123370000161
0123380000161
0123420000161
0123430000161
0123500000161
0123510000161
0223520000161
0223520020161
0123530000161
0123540000161
0123550000162
0123560000161
0123570000161
0123590000161
0123600000161
0123630000161
0123640000161
0123660000162
0123670000161
0123680000161
0123700000161
0123710000161
0123720000161
0123730000161
0123770000161
0223790000161
0123800000161
0123810000161
0123820000161
0123850000161
0123860000161
0123870000161
0123880000161
0123890000161
0223910000161
0223910040161
0123920000161
0123930000161
0123940000161
0123950000161
0123960000161
0123980000161
0123990000161
0124000000161
0124020000161
0124030000161
0124040000161
0124050000161
0124060000161
0124070000162
0124080000161
0124090000161
0224100000161
0124110000161
0124120000161
0124130000161
0224140000161
0124150000161
0124160000161
0224170000161
0124180000161
0124190000161
0124200000161
0224210000161
0224220000161
0124230000161
0124240000161
0124250000161
0124270000161
0124280000161
0124290000162
0124300000161
0124300010161
0124320000161
0124330000161
0124340000162
0124350000161
0124360000161
0124370000161
0124380000161
0124390000161
0124400000161
0124410000161
0124430000161
0124450000161
0224470000161
0124480000161
0124490000162
0124500000161
0224520000161
0124530000161
0124540000161
0124560000161
0124580000161
0224600000161
0124620000161
0124630000161
0124630020161
0224650000161
0224700000161
0124710000161
0124720000161
0124730000162
0124750000161
0124760000161
0124770000161
0124780000161
0124800000161
0224810000161
0224820000161
0124830000161
0224840000161
0224850000161
0124860000161
0124870000161
0224880000161
0124890000161
0124900000161
0224910000161
0224920000161
0224930000161
0124940000161
0224950000161
0124960000161
0224970000161
0124980000161
0224990000161
0125000000162
0125010000161
0125020000161
0125030000161
0125040000161
0125060000161
0225070000161
0225080000161
0225090000161
0125100000161
0225110000161
0125120000161
0225130000161
0125140000161
0225150000161
0225160000161
0125170000161
0225180000161
0125210000161
0125220000161
0125230000161
0125240000161
0125250000161
0125260000161
0125270000161
0225280000161
0125290000161
0125290010161
0225300000161
0225310000161
0225320000161
0125330000161
0225340000161
0125350000161
0125360000161
0225370000161
0225380000161
0225390000161
0125400000161
0125410000161
0225420000161
0225430000161
0125440000161
0125450000161
0125460000161
0125460010161
0225470000162
0125480000161
0125490000162
0225500000161
0225510000161
0125520000161
0125530000161
0125540000161
0125550000161
0125560000161
0125570000161
0125580000161
0125590000161
0125600000161
0125600010161
0125610000161
0225620000161
0125630000161
0125640000161
0125650000161
0125660000162
0125680000162
0125690000161
0125700000161
0125710000161
0125720000161
0125730000161
0125740000161
0125750000161
0125760000161
0125770000161
0125780000161
0125790000161
0125800000161
0125810000161
0125820000161
0125830000161
0125840000161
0125850000161
0125860000161
0125870000161
0125880000161
0125890000161
0125900000161
0125910000161
0199980000161
0100030002061
0100070002062
0200080002061
0100100002061
0100100512041
0100140002061
0100160002061
0100160022061
0100200002061
0100200512041
0100260002061
0100520002061
0100520512041
0100660002061
0100760002061
0100760022061
0100760512041
0100820002061
0100890002061
0100930002061
0100940002061
0100940152061
0101080002061
0101120002061
0101150002061
0101190002061
0101270002061
0101330002061
0101390002061
0101390512041
0101460002061
0101460512041
0101480002061
0101480532041
0101620002061
0101620542041
0101640002061
0101650002061
0101670002061
0101940002061
0101980002061
0101980012061
0102030002061
0102080002061
0102160002061
0102180002061
0102180022061
0102200002061
0102210002061
0102240002061
0102530002061
0102570002061
0102580002061
0102580032061
0102590002061
0102600002061
0102610002061
0102660002061
0102680002061
0102680502041
0102690002061
0102690502041
0102700002061
0102700012061
0102710002061
0102710012061
0102720002061
0102730002061
0102740002061
0102740502041
0102750002061
0102750502041
0102760002061
0102770002061
0102770012061
0102780002061
0102780012061
0102790002061
0102800002061
0102810002061
0102820002061
0102830002061
0102830012061
0102840002061
0102860002061
0102870002061
0102880002061
0102890002061
0102890012061
0102900002061
0102910002061
0102920002061
0102930002061
0102940002061
0102950002061
0102960002061
0102970002061
0102980002061
0102990002061
0103000002061
0103010002061
0203020002061
0103030002061
0103030012061
0103040002061
0103050002061
0103060002061
0103070002061
0103080002061
0103090002061
0103100002061
0103110002061
0103120002061
0103130002061
0103140002061
0103150002061
0103160002061
0103170002061
0115120002061
0118790002061
0122410002061
0123900002061
0124550002061
0124610002061
0100070002161
0100130002161
0100140002161
0100160002161
0100170002161
0100170502141
0100200002161
0100200512141
0100210002161
0100210012161
0100210512142
0100220002161
0100220022161
0100240002161
0100240012161
0100350002161
0100380002161
0100380012161
0100420002161
0100420152161
0100420522141
0100420592141
0100470002161
0200530002161
0100600002161
0200690002161
0200690012161
0200690592141
0100760002161
0100880002161
0100880042161
0200900002161
0100910002161
0100910532141
0100930002161
0100930012161
0100940002161
0100940032161
0100940562141
0100940582141
0100950002161
0100950052161
0100950092161
0100950572141
0100960002161
0100970002161
0100970512141
0100970532141
0101010002161
0101020002161
0101020062161
0101030002161
0101040002161
0101050002161
0101050512141
0101080002161
0101100002161
0101100512141
0101110002161
0201130002161
0201130012161
0201130022161
0201130502141
0201130512141
0201130542141
0101150002161
0101150512141
0101160002161
0101170002161
0101170012161
0101180002161
0101190002161
0101200002161
0101210002161
0101220002161
0101230002161
0201240002161
0201240502141
0101250002161
0101260002161
0101270002161
0101290002161
0101290012161
0101300002161
0101310002161
0101320002161
0101330002161
0101340002161
0101350002161
0101350012161
0101360002161
0101360012161
0101370002161
0101380002161
0101390002161
0101400002161
0101500002161
0101510002161
0101520002161
0101530002161
0101540002161
0101540012161
0101550002161
0101550012161
0101560002161
0101570002161
0101580002162
0101590002161
0101600002161
0101610002161
0106030002262
0106040002261
0206050002261
0206050512241
0106060002261
0106070002261
0106080002261
0106090002261
0106100002261
0106110002261
0106110502241
0206120002261
0106130002261
0106140002261
0106150002261
0106170002261
0106180002261
0106190002261
0106200002261
0106210002261
0106210502241
0106220002261
0106230002261
0106240002261
0106260002261
0206270002261
0206270502241
0106350002261
0106390002261
0106490002261
0106490512241
0106540002261
0106540542241
0106660002261
0106790002261
0106790512241
0106860002261
0106860502241
0107110002261
0107110502241
0207130002261
0207130512242
0107210002261
0107210532241
0107250002261
0107290002261
0107340002261
0107450002261
0107770002261
0107770512241
0107930002261
0208000002261
0108010002261
0108130002261
0108300002261
0108330002261
0208340002261
0100060002361
0100070002361
0100090002361
0100100002362
0100110002361
0100120002361
0100140002361
0100150002361
0100150022361
0100160002361
0100170002361
0100180002361
0100190002361
0100200002361
0100210002361
0100220002361
0100250002361
0100260002361
0100270002361
0100280002361
0100290002361
0100300002361
0100330002361
0100340002361
0100340042361
0100340052361
0100360002361
0100360062361
0200390002361
0100430002361
0100470002361
0100510002361
0100540002361
0100560002361
0100600002362
0100610002361
0100640002361
0100660002361
0100670002361
0100680002361
0200690002361
0100700002361
0100710002361
0100720002361
0100740002361
0100750002361
0100770002361
0100780002361
0100790002362
0200810002361
0100820002361
0100840002361
0100850002361
0100860002361
0100870002361
0100880002361
0100910002361
0100920002361
0100950002361
0100960002361
0100960012361
0100970002361
0100980002361
0100990002361
0201000002361
0101010002361
0101020002361
0101030002361
0101040002361
0101060002361
0101090002361
0101100002361
0101160002361
0101170002361
0101180002361
0101200002361
0101210002361
0101220002361
0101230002361
0101250002361
0101260002361
0101280002361
0101280012361
0101290002361
0101300002361
0101340002361
0101350002361
0101360002361
0101420002361
0101450002361
0101520002361
0101520012361
0101540002361
0101550002361
0201560002361
0101570002362
0201620002361
0101630002361
0101660002361
0101670002361
0101680002361
0201690002361
0101710002361
0201720002361
0101730002361
0101740002361
0101750002361
0101760002361
0101770002361
0101790002361
0101800002361
0101800012361
0101810002361
0102250002361
0102270002361
0102290002361
0102350002361
0102360002361
0102390002361
0102430002361
0102440002361
0102500002361
0102500012361
0102540002361
0102540012361
0102550002361
0102570002361
0102580002361
0102580052361
0102610002361
0102640002361
0202660002361
0102680002361
0102690002361
0102700002361
0102720002361
0102730002361
0102740002361
0102810002361
0102830002361
0102850002361
0102900002361
0102940002361
0102980002361
0103000002361
0103020002361
0103030002362
0103040002361
0103070002361
0103090002361
0103120002361
0103120012361
0103130002362
0103140002361
0103150002361
0103160002361
0103170002361
0103180002361
0103190002361
0103200002361
0103210002361
0203220002361
0103230002361
0103240002361
0103250002361
0103260002361
0103280002361
0103300002361
0103310002361
0103320002361
0103330002361
0103340002361
0103350002362
0103360002361
0103380002361
0103390002361
0103400002361
0103410002361
0103420002361
0103430002361
0103430012361
0103440002361
0103450002361
0103460002361
0103470002361
0103480002361
0103490002361
0103500002361
0103510002361
0103520002361
0103530002361
0103540002361
0103550002361
0103560002361
0103570002361
0103580002361
0103600002361
0103610002361
0103620002361
0103630002361
0103640002361
0103650002361
0103670002361
0103680002362
0103690002361
0103700002362
0103710002361
0103720002362
0103730002361
0103740002361
0103750002361
0103760002361
0103770002361
0103780002361
0103790002361
0103800002361
0103810002361
0103820002361
0103830002361
0103850002361
0103860002361
0103870002361
0103880002361
0103890002361
0103900002361
0103910002361
0103920002361
0103930002361
0203940002361
0103950002361
0103960002361
0103960012361
0103970002361
0103990002361
0104020002361
0104030002361
0104040002362
0104050002361
0104060002361
0104070002361
0104080002361
0104090002361
0104100002361
0104110002361
0104120002361
0104130002361
0104140002361
0104150002361
0104160002361
0104170002361
0104180002362
0104190002361
0104200002361
0104210002361
0104220002361
0104230002361
0104240002361
0104250002362
0204260002361
0104270002361
0104280002361
0104290002361
0104300002361
0104300012361
0104310002361
0104320002361
0104330002362
0104340002361
0104350002361
0104360002361
0104370002361
0104380002361
0104400002361
0104410002361
0104430002361
0104440002361
0104450002361
0104460002361
0104470002361
0104480002361
0104490002361
0104500002361
0104510002361
0104520002361
0104530002361
0104540002361
0104550002361
0104560002361
0104570002361
0104590002361
0104600002361
0104610002361
0104620002361
0104630002361
0104640002361
0104650002361
0104650012361
0104650022361
0104670002361
0104690002361
0104700002361
0104710002361
0104720002361
0104730002361
0104740002361
0104750002361
0104760002361
0104770002361
0104780002362
0104790002362
0104800002361
0104810002361
0104820002361
0105030002361
0105030012361
0105120002361
0105690002361
0105690022361
0106380002361
0106390002361
0206400002361
0100010002461
0100030002461
0100040002461
0100050002461
0100060002461
0100070002461
0100080002461
0100090002461
0100090512441
0100090522441
0100100002461
0100110002461
0100130002461
0100130012461
0100140002461
0200150002461
0100180002461
0100180512441
0100190002461
0100200002461
0100210002461
0100220002461
0100230002461
0100240002461
0100240562441
0100250002461
0100260002461
0200290002461
0100300002461
0100300522441
0100320002461
0100330002461
0100330592441
0100340002461
0100340522441
0100360002461
0100380002461
0100390002461
0100390022461
0100410002461
0100460002461
0100510002461
0100530002461
0100540002461
0100550002461
0100560002461
0100570002461
0100580002461
0100580012461
0100590002461
0200610002461
0100620002461
0100630002461
0100640002461
0100640532441
0100650002461
0100650012461
0100650512441
0100660002461
0100670002461
0100690002461
0100690592441
0100690622441
0100700002461
0100710002461
0100710012461
0100730002461
0100770002461
0100780002461
0100790002461
0100790062461
0100790512441
0100810002461
0100810152461
0100810522441
0100840002461
0100850002461
0100860002461
0100880002461
0100900002461
0100920002461
0100940002461
0100940012461
0100950002461
0100960002461
0100970002461
0100990002461
0101000002461
0101010002461
0101020002462
0101030002461
0101050002461
0101060002461
0101070002461
0101080002461
0101100002461
0101120002461
0101140002461
0101140502441
0101150002461
0101160002461
0101170002461
0101180002461
0101190002461
0101210002462
0101230002461
0101230012461
0101240002461
0101250002461
0101270002461
0101280002461
0101290002461
0101300002461
0101310002461
0101320002461
0101340002461
0101350002461
0101360002461
0101370002461
0101380002461
0101390002461
0101410002461
0101420002461
0101430002461
0101450002461
0101460002461
0101470002461
0101480002461
0101490002461
0101500002461
0101510002461
0101530002461
0101540002461
0101550002461
0101560002461
0101570002461
0101580002461
0101590002461
0101600002461
0101610002461
0101620002461
0101630002461
0101640002461
0101650002462
0101660002461
0101670002461
0103010002461
0103080002461
0104940002461
0107600002461
0113920002461
0113920062461
0115570002461
0119810002461
0119810012461
0100010002561
0100050002562
0100060002561
0100070002561
0100070522541
0100080002561
0100110002561
0100120002561
0100140002561
0100150002561
0100160002561
0100170002561
0100180002561
0100190002561
0100240002561
0100250002561
0100260002561
0100280002561
0100290002561
0100330002561
0100350002561
0100360002561
0100370002561
0100380002561
0100400002561
0100430002561
0100450002561
0100460002561
0100460512541
0100500002561
0100510002561
0100560002561
0100570002561
0100590002561
0100600002561
0100620002561
0100640002561
0100650002561
0100670002561
0100700002561
0100710002561
0100720002561
0100730002561
0100740002561
0100740512541
0100750002561
0100760002561
0100820002561
0100840002561
0100890002561
0100890502541
0100900002561
0100920002561
0100930002561
0100940002561
0100950002561
0100950512541
0100950522541
0100960002561
0101010002561
0101030002561
0101040002561
0101050002561
0101110002561
0101120002561
0101120102561
0101130002561
0101150002561
0101160002561
0101170002561
0101200002561
0101220002561
0101220512542
0101240002561
0101250002561
0101260002561
0101270002561
0101300002561
0101310002561
0101330002561
0101360002561
0101370002562
0101380002561
0101390002562
0101400002561
0101410002561
0101420002561
0101430002561
0101440002561
0101450002561
0101460002561
0101480002562
0101490002561
0101500002561
0101510002561
0101520002561
0101530002561
0101540002561
0101560002561
0101580002561
0101590002561
0101600002561
0101620002561
0101630002561
0101640002561
0101650002561
0101660002561
0101670002561
0101680002561
0101700002561
0101720002561
0101740002561
0101750002561
0101760002561
0101770002561
0101780002561
0101790002561
0101800002561
0101810002561
0101820002562
0101830002561
0101840002561
0101850002561
0101860002561
0101870002561
0101890002561
0101900002561
0101910002561
0101920002561
0101930002561
0101940002561
0101950002561
0101970002561
0101980002561
0101990002561
0102000002561
0102010002561
0102030002562
0102040002561
0102050002561
0102060002561
0102070002561
0102080002561
0102080012561
0102090002561
0102100002561
0102120002561
0102140002561
0102150002561
0102160002561
0102170002561
0102180002561
0102190002561
0102200002561
0102210002561
0102220002561
0102240002561
0102250002561
0102260002561
0102270002561
0102280002561
0102310002561
0102330002561
0102340002561
0102350002561
0102380002561
0102390002561
0102400002561
0102410002561
0102420002561
0102430002561
0102440002561
0102460002561
0102460502541
0102470002561
0102480002561
0102490002561
0102510002561
0102530002561
0102540002561
0107280002561
0109170002561
0100030002661
0100030512641
0100030522641
0100040002661
0100050002661
0100060002661
0100070002661
0100100002661
0100110002662
0100120002661
0100120522641
0100120532641
0100130002661
0100150002661
0100150042661
0100170002661
0100170502641
0100170522641
0100180002661
0100190002661
0100210002661
0100240002661
0100250002661
0100280002661
0100290002661
0100300002661
0100310002661
0100320002661
0100330002661
0100340002661
0100350002661
0100360002661
0100360502641
0100360512641
0100360522641
0100380002661
0100380512641
0100420002661
0100420522641
0100420532641
0100430002661
0100430632641
0100440002661
0100450002661
0100460002661
0100470002661
0100480002661
0100490002661
0100500002661
0100510002661
0100520002661
0100520502642
0100530002661
0100540002661
0100560002661
0100570002661
0100580002661
0100590002661
0100600002661
0100610002661
0100620002661
0100630002661
0100640002661
0100650002661
0100660002661
0100670002661
0100680002661
0100690002661
0100700002661
0100710002661
0100720002661
0100730002661
0100740002661
0100750002661
0100760002661
0100770002661
0100780002661
0100790002661
0100800002661
0100810002661
0100820002661
0100830002661
0100840002661
0100850002661
0100870002661
0100880002661
0102630002661
0102880002661
0103080002661
0111710002661
0113620002661
0117380002661
0117380502641
0117390002661
0117400002661
0117410002661
0117420002661
0117430002661
0117440002661
0117450002661
0117460002661
0117470002661
0117480002661
0117490002661
0117500002661
0100070002761
0100090002761
0100090502741
0100100002761
0100100502741
0100130002761
0100140002761
0100150002761
0100150522741
0100160002761
0100170002761
0100180002761
0100210002761
0100220002761
0100250002761
0100260002761
0100270002761
0100280002761
0100290002761
0100300002761
0100310002761
0100320002761
0100330002761
0100350002761
0100370002761
0100380002761
0100400002761
0100430002761
0100440002761
0100470002761
0100510002761
0100560002761
0100570002761
0100580002761
0100580512741
0100590002761
0100600002761
0100610002761
0100620002761
0100640002761
0100650002761
0100660002761
0100670002761
0100680002761
0100710002761
0100730002761
0100850002761
0100860002761
0100860502741
0100920002761
0100930002761
0101000002761
0101020002761
0101030002761
0101040002761
0101050002761
0101060002761
0101150002762
0101160002761
0101170002761
0101180002761
0101190002761
0101220002761
0101230002761
0101240002761
0101260002761
0101280002761
0101290002761
0101310002762
0101320002761
0101330002762
0101340002761
0101350002761
0101360002761
0101370002761
0101380002761
0101390002761
0101420002762
0101430002761
0101450002761
0101500002762
0101520002761
0101530002761
0101540002761
0101550002761
0101570002761
0101660002761
0101670002761
0101740002761
0101740112761
0101800002761
0101800502741
0101810002761
0101820002761
0101830002761
0101840002761
0101850002761
0101850022761
0101870002761
0101960002761
0101960522741
0101970002761
0102060002761
0102070002761
0102070032761
0102080002761
0102090002761
0102130002761
0102140002761
0102150002761
0102160002761
0102170002761
0102190002761
0102230002761
0102240002761
0102250002761
0105170002761
0105220002761
0105220542741
0105230002761
0105250002761
0105940002761
0106180002761
0106180512741
0106180522741
0100090003061
0100100003061
0100130003061
0100130513041
0100140003061
0100140513041
0100350003061
0100450003061
0200480003061
0200480523041
0100490003062
0100520003061
0100600003061
0100640003061
0100700003061
0100740003061
0100750003061
0100770003061
0100810003061
0100830003061
0100840003061
0100850003061
0100860003061
0100870003061
0100890003061
0100990003061
0101000003061
0101010003061
0101010523041
0101020003061
0101050003061
0101060003061
0101060513041
0101080003061
0101090003061
0101100003061
0101440003061
0101440523041
0101590003061
0101780003061
0101860003061
0101870003061
0101880003061
0101890003061
0102070003061
0102110003061
0102140003061
0102150003061
0102170003061
0102180003061
0102210003061
0102220003061
0103060003061
0103080003061
0103330003061
0105630003061
0105640003061
0105700003061
0105710003061
0105720003061
0105730003061
0108800003061
0117310003061
0124310003061
0124590003061
0100090003161
0100100003161
0100110003161
0100140003161
0100150003161
0100220003161
0100260003161
0100270003161
0100290003161
0100330003161
0100440003161
0100520003161
0100550003161
0100570003161
0100610003161
0100610023161
0100620003161
0100660003161
0100720003161
0100730003161
0100770003161
0100790003161
0100810003161
0100830003161
0100830013161
0100880003161
0100920003161
0100990003161
0101030003161
0101040003161
0101050003161
0101060003161
0101070003161
0101120003161
0101120013161
0101130003161
0101690003161
0102210003161
0102220003161
0102420003161
0102780003161
0102800003161
0102800043161
0102980003161
0103000003161
0103010003161
0103180003161
0104850003161
0105160003161
0107120003161
0107270003161
0108280003161
0108370003161
0109270003161
0109320003161
0109370003161
0110000003161
0110500003161
0110810003161
0111000003161
0113600003161
0116710003161
0116730003161
0116760003161
0117460003161
0117800003161
0118360003161
0118930003161
0118940003161
0100010003261
0100190003261
0100260003261
0100280003261
0100370003261
0100390003261
0100450003261
0100450533241
0100510003261
0100510513241
0100520003261
0100540003261
0100540513241
0100550003261
0100560003261
0100570003261
0100580003261
0100580513241
0100580523241
0100600003261
0100640003261
0100710003261
0100710513241
0100730003261
0100750003261
0100780003261
0100810003261
0100820003261
0100820523241
0100830003261
0100880003261
0100970003261
0100970513241
0100980003261
0201000003261
0101010003261
0101010013261
0101020003261
0101040003261
0101100003261
0101120003261
0101120513241
0101230003261
0101310003261
0101320003261
0101330003261
0101340003261
0101350003261
0101400003261
0101700003261
0101910003261
0101930003261
0101940003261
0101950003261
0101960003261
0101970003261
0101980003261
0101990003261
0102000003261
0102000503241
0102010003261
0102020003261
0105780003261
0106100003261
0106100513241
0106110003261
0106120003261
0106130003261
0106140003261
0106160003261
0106170003261
0106170513241
0106190003261
0106200003261
0106210003261
0106220003261
0106230003261
0106240003261
0106250003261
0106260003261
0106270003261
0106280003261
0108620003261
0119420003261
0200030003361
0100060003361
0100060533341
0100080003361
0100150003361
0100150033361
0100150063361
0100150513341
0100230003361
0100290003361
0100320003361
0100410003361
0100530003361
0100530513341
0100530523341
0100530533341
0100530553341
0100870003361
0100880003361
0100890003361
0200900003361
0200900513341
0200900523341
0101040003361
0201140003361
0101170003361
0201210003361
0201210513341
0101280003361
0101290003361
0101300003361
0101310003361
0101320003361
0101330003361
0101340003361
0101350003361
0101360003361
0101370003361
0101380003361
0101400003361
0101410003361
0101420003361
0101430003361
0101440003361
0101450003361
0101470003361
0101480003361
0101490003361
0101500003361
0101520003361
0101530003361
0101540003361
0101550003361
0101560003361
0101570003361
0101580003361
0101590003361
0101930003361
0101930513341
0201940003361
0201940523342
0201950003361
0201950503341
0202380003361
0202380513341
0102450003361
0202620003361
0202620543341
0102630003361
0102630503341
0102640003361
0202880003361
0202880523341
